$ 1 0.000005 10.20027730826997 50 5 50 5e-11
t 112 128 192 128 0 1 -5.07045182604827 0.5949214939392196 100 default
r 112 128 112 48 0 15000
w 112 48 192 48 0
w 192 48 192 112 0
34 zener-6 1 1.7143528192810002e-7 0 2.0000000000000084 6 1
z 112 480 112 128 2 zener-6
r 192 144 192 224 0 3800
t 192 224 336 224 0 1 -8.84271266142636 0.566845246327293 100 default
r 192 224 192 368 0 1200
t 192 368 272 368 0 1 -9.692289717662943 0.41241097722739617 100 default
r 192 368 192 480 0 420
w 192 480 112 480 0
w 272 352 272 128 0
w 272 384 272 480 0
w 272 480 192 480 0
w 336 208 368 208 0
w 368 208 400 208 0
w 368 208 368 112 0
t 400 80 368 80 0 -1 0 -0.5665492051303733 100 default
t 400 80 432 80 0 -1 0.3287500999792883 -0.5665492051303733 100 default
w 400 80 400 112 0
w 400 112 368 112 0
w 368 112 368 96 0
w 368 64 368 48 0
w 368 48 192 48 0
w 432 64 432 48 0
w 432 48 368 48 0
w 432 96 432 128 0
w 432 128 272 128 0
t 592 224 400 224 0 1 -9.378323465523863 0.44319791961887267 100 default
r 336 240 336 368 0 1900
r 400 240 400 320 0 19000
t 448 320 480 320 0 1 -9.01506191230201 0.5588737560968632 100 default
w 448 320 400 320 0
t 336 368 400 368 0 1 -0.16720313897080236 0.3912952221174143 100 default
w 400 352 400 320 0
d 336 368 336 480 2 default
w 336 480 272 480 0
r 400 384 400 480 0 1000
w 400 480 336 480 0
w 480 336 480 480 0
w 480 480 400 480 0
w 480 128 432 128 0
w 480 176 480 128 0
t 480 304 544 304 0 -1 9.573935668398873 -0.5307650264914656 100 default
w 544 320 544 480 0
w 544 480 480 480 0
w 480 128 560 128 0
w 560 128 560 80 0
w 560 80 656 80 0
t 688 128 656 128 0 1 -1.0995799792921428 0.0007741177390059306 100 default
w 656 112 656 80 0
t 656 80 768 80 0 1 -0.8952993051096616 0.5393115670223807 100 default
w 768 64 768 48 0
w 768 48 432 48 0
w 768 96 768 112 0
t 768 112 832 112 0 1 -1.4346108721320423 0.5602684122697621 100 default
w 832 96 832 48 0
w 832 48 768 48 0
r 768 112 768 192 0 5000
w 768 192 656 192 0
w 656 192 656 144 0
w 768 192 832 192 0
r 832 192 832 128 0 3
w 832 192 928 192 0
w 688 128 832 128 0
w 832 48 928 48 0
r 832 192 832 272 0 21470
r 832 272 832 480 0 2850
w 832 480 544 480 0
w 832 480 928 480 0
r 480 304 480 240 0 2200
w 544 288 544 240 0
w 544 240 480 240 0
w 480 240 480 176 0
w 832 272 592 272 0
w 592 272 592 224 0
R 928 48 1008 48 0 0 40 11 0 0 0.5
g 928 480 928 560 0 0
p 928 192 928 480 1 0 0
