$ 1 0.000005 10.20027730826997 50 5 50 5e-11
t 112 128 192 128 0 1 -3.9411309550426415e-25 -8.631462367425072e-19 100 default
r 112 128 112 48 0 15000
w 112 48 192 48 0
w 192 48 192 112 0
34 zener-6 1 1.7143528192810002e-7 0 2.0000000000000084 6 1
z 112 480 112 128 2 zener-6
r 192 144 192 224 0 3800
t 192 224 336 224 0 1 -5.5630834969926385e-19 -2.2672572078627605e-18 100 default
r 192 224 192 368 0 1200
t 192 368 272 368 0 1 7.83413402191194e-19 -7.631898961027827e-28 100 default
r 192 368 192 480 0 420
w 192 480 112 480 0
w 272 352 272 128 0
w 272 384 272 480 0
w 272 480 192 480 0
w 336 208 368 208 0
w 368 208 400 208 0
w 368 208 368 112 0
t 400 80 368 80 0 -1 0 1.4194541956413114e-18 100 default
t 400 80 432 80 0 -1 1.3397217510699782e-18 1.4194541956413114e-18 100 default
w 400 80 400 112 0
w 400 112 368 112 0
w 368 112 368 96 0
w 368 64 368 48 0
w 368 48 192 48 0
w 432 64 432 48 0
w 432 48 368 48 0
w 432 96 432 128 0
w 432 128 272 128 0
t 592 224 400 224 0 1 -5.563083618244892e-19 -5.075005529382252e-19 100 default
r 336 240 336 368 0 1900
r 400 240 400 320 0 19000
t 448 320 480 320 0 1 1.2909139386929711e-18 5.075005438691765e-19 100 default
w 448 320 400 320 0
t 336 368 400 368 0 1 1.7597566879627215e-18 2.26725723151366e-18 100 default
w 400 352 400 320 0
d 336 368 336 480 2 default
w 336 480 272 480 0
r 400 384 400 480 0 1000
w 400 480 336 480 0
w 480 336 480 480 0
w 480 480 400 480 0
w 480 128 432 128 0
w 480 176 480 128 0
t 480 304 544 304 0 -1 -7.834133948237945e-19 8.130589306177058e-27 100 default
w 544 320 544 480 0
w 544 480 480 480 0
w 480 128 560 128 0
w 560 128 560 80 0
w 560 80 656 80 0
t 688 128 656 128 0 1 7.834133372555337e-19 -5.989545830547084e-30 100 default
w 656 112 656 80 0
t 656 80 768 80 0 1 7.973244457133327e-20 -7.8341332857370275e-19 100 default
w 768 64 768 48 0
w 768 48 432 48 0
w 768 96 768 112 0
t 768 112 832 112 0 1 8.63145773145036e-19 -8.681830936900703e-27 100 default
w 832 96 832 48 0
w 832 48 768 48 0
r 768 112 768 192 0 5000
w 768 192 656 192 0
w 656 192 656 144 0
w 768 192 832 192 0
r 832 192 832 128 0 3
w 832 192 928 192 0
w 688 128 832 128 0
w 832 48 928 48 0
r 832 192 832 272 0 10680
r 832 272 832 480 0 2850
w 832 480 544 480 0
w 832 480 928 480 0
r 480 304 480 240 0 2200
w 544 288 544 240 0
w 544 240 480 240 0
w 480 240 480 176 0
207 928 192 1008 192 4 Vout
207 928 48 1008 48 4 Vin
207 928 480 1008 480 5 Gnd
w 832 272 592 272 0
w 592 272 592 224 0
