$ 1 0.000005 10.20027730826997 50 5 50 5e-11
t 112 128 192 128 0 1 -9.055111878364087 0.5949954970950442 100 default
r 112 128 112 48 0 15000
w 112 48 192 48 0
w 192 48 192 112 0
34 zener-6 1 1.7143528192810002e-7 0 2.0000000000000084 6 1
z 112 480 112 128 2 zener-6
r 192 144 192 224 0 3800
t 192 224 336 224 0 1 -12.83800970232341 0.5670101733998694 100 default
r 192 224 192 368 0 1200
t 192 368 272 368 0 1 -4.006892519093627 0.41358758871117063 100 default
r 192 368 192 480 0 420
w 192 480 112 480 0
w 272 352 272 128 0
w 272 384 272 480 0
w 272 480 192 480 0
w 336 208 368 208 0
w 368 208 400 208 0
w 368 208 368 112 0
t 400 80 368 80 0 -1 0 -0.5667133292234361 100 default
t 400 80 432 80 0 -1 10.012806562971765 -0.5667133292234361 100 default
w 400 80 400 112 0
w 400 112 368 112 0
w 368 112 368 96 0
w 368 64 368 48 0
w 368 48 192 48 0
w 432 64 432 48 0
w 432 48 368 48 0
w 432 96 432 128 0
w 432 128 272 128 0
t 592 224 400 224 0 1 -13.37792319646751 0.44326594242054507 100 default
r 336 240 336 368 0 1900
r 400 240 400 320 0 19000
t 448 320 480 320 0 1 -3.330267652052824 0.5589020871543937 100 default
w 448 320 400 320 0
t 336 368 400 368 0 1 -0.1669017881780736 0.39162015822522506 100 default
w 400 352 400 320 0
d 336 368 336 480 2 default
w 336 480 272 480 0
r 400 384 400 480 0 1000
w 400 480 336 480 0
w 480 336 480 480 0
w 480 480 400 480 0
w 480 128 432 128 0
w 480 176 480 128 0
t 480 304 544 304 0 -1 3.8891697392072175 -0.5313103685975809 100 default
w 544 320 544 480 0
w 544 480 480 480 0
w 480 128 560 128 0
w 560 128 560 80 0
w 560 80 656 80 0
t 688 128 656 128 0 1 -1.1092492759354093 0.0010969860005292098 100 default
w 656 112 656 80 0
t 656 80 768 80 0 1 -10.5795198921952 0.5399643842557227 100 default
w 768 64 768 48 0
w 768 48 432 48 0
w 768 96 768 112 0
t 768 112 832 112 0 1 -11.119484276450924 0.5692848916796867 100 default
w 832 96 832 48 0
w 832 48 768 48 0
r 768 112 768 192 0 5000
w 768 192 656 192 0
w 656 192 656 144 0
w 768 192 832 192 0
r 832 192 832 128 0 3
w 832 192 928 192 0
w 688 128 832 128 0
w 832 48 928 48 0
r 832 192 832 272 0 4700
r 832 272 832 480 0 2200
w 832 480 544 480 0
w 832 480 928 480 0
r 480 304 480 240 0 2200
w 544 288 544 240 0
w 544 240 480 240 0
w 480 240 480 176 0
w 832 272 592 272 0
w 592 272 592 224 0
R 928 48 1008 48 0 0 40 15 0 0 0.5
g 928 480 928 560 0 0
p 928 192 928 480 1 0 0
